2478735667998646089	2478843802390248724	10001	MOTORWAY	NONE	57.71325698	11.99477407	5.173917794
2478735667998646089	2478843802390248724	10002	MOTORWAY	NONE	57.7133507	11.99472727	5.881794749
2478735667998646089	2478843802390248724	10003	MOTORWAY	NONE	57.71342387	11.9946961	5.260784455
2478735667998646089	2478843802390248724	10004	MOTORWAY	NONE	57.71346142	11.99468273	5.814423029
2478735667998646089	2478843802390248724	10005	MOTORWAY	NONE	57.71352871	11.99466488	6.857317821
2478735667998646089	2478843802390248724	10006	MOTORWAY	NONE	57.71359351	11.99465425	5.630979763
2478735667998646089	2478843802390248724	10007	MOTORWAY	NONE	57.71365412	11.99464728	6.316802927
2478735667998646089	2478843802390248724	10008	MOTORWAY	NONE	57.71371252	11.9946472	7.591461807
2478735667998646089	2478843802390248724	10009	MOTORWAY	NONE	57.71376945	11.99464713	7.363202795
2478735667998646089	2478843802390248724	10010	MOTORWAY	NONE	57.71382288	11.99464862	7.384796371
2478735667998646089	2478843802390248724	10011	MOTORWAY	NONE	57.71387468	11.99465097	7.067123635
2478735667998646089	2478843802390248724	10012	MOTORWAY	NONE	57.71392748	11.99465337	7.298914076
2478735667998646089	2478843802390248724	10013	MOTORWAY	NONE	57.71392771	11.99465338	7.039809997
2478735667998646089	2478843802390248724	10014	MOTORWAY	NONE	57.71391546	11.99465283	5.521124492
2478735667998646089	2478843802390248724	10015	MOTORWAY	NONE	57.71408117	11.99467648	6.802303709
2478735667998646089	2478843802390248724	10016	MOTORWAY	NONE	57.714143	11.9946879	7.139471784
2478735667998646089	2478843802390248724	10017	MOTORWAY	NONE	57.71420604	11.99469955	6.599505693
2478735667998646089	2478843802390248724	10018	MOTORWAY	NONE	57.71426445	11.99471115	6.283436938
2478735667998646089	2478843802390248724	10019	MOTORWAY	NONE	57.71432666	11.99472373	6.19404972
2478735667998646089	2478843802390248724	10020	MOTORWAY	NONE	57.71438857	11.99473612	6.004727528
2478735667998646089	2478843802390248724	10021	MOTORWAY	NONE	57.71445322	11.99474676	4.38247634
2478735667998646089	2478843802390248724	10022	MOTORWAY	NONE	57.71451818	11.99475539	4.388090086
2478735667998646089	2478843802390248724	10023	MOTORWAY	NONE	57.71458146	11.99476087	4.516160974
2478735667998646089	2478843802390248724	10024	MOTORWAY	NONE	57.7146471	11.99476145	5.338403857
2478735667998646089	2478843802390248724	10025	MOTORWAY	NONE	57.71470567	11.99476029	5.569575834
2478735667998646089	2478843802390248724	10026	MOTORWAY	NONE	57.71475988	11.99475542	5.715374927
2478735667998646089	2478843802390248724	10027	MOTORWAY	NONE	57.71480719	11.99474843	5.222377251
2478735667998646089	2478843802390248724	10028	MOTORWAY	NONE	57.7148505	11.99473853	5.072534313
2478735667998646089	2478843802390248724	10029	MOTORWAY	NONE	57.71488722	11.99472709	5.180758878
2478735667998646089	2478843802390248724	10030	MOTORWAY	NONE	57.71492955	11.9947139	4.943567485
2478735667998646089	2478843802390248724	10031	MOTORWAY	NONE	57.71497339	11.99469691	5.165542518
2478735667998646089	2478843802390248724	10032	MOTORWAY	NONE	57.71501492	11.99467923	4.931682203
2478735667998646089	2478843802390248724	10033	MOTORWAY	NONE	57.71504258	11.99466745	6.346968295
2478843802390248724	2478860969374528283	10034	MOTORWAY	NONE	57.71509211	11.99464408	4.945986047
2478735667998646089	2478843802390248724	10035	MOTORWAY	NONE	57.71506544	11.99465771	4.55007095
2478735667998646089	2478843802390248724	10036	MOTORWAY	NONE	57.71506613	11.99465742	4.538353058
2478735667998646089	2478843802390248724	10037	MOTORWAY	NONE	57.71506731	11.99465692	4.064496918
2478735667998646089	2478843802390248724	10038	MOTORWAY	NONE	57.71506656	11.99465724	4.216662208
2478735667998646089	2478843802390248724	10039	MOTORWAY	NONE	57.71506755	11.99465682	4.333635483
2478735667998646089	2478843802390248724	10040	MOTORWAY	NONE	57.71506697	11.99465706	3.961713348
2478735667998646089	2478843802390248724	10041	MOTORWAY	NONE	57.71506645	11.99465728	4.394701146
2478735667998646089	2478843802390248724	10042	MOTORWAY	NONE	57.71506356	11.99465851	4.314003871
2478735667998646089	2478843802390248724	10043	MOTORWAY	NONE	57.71506177	11.99465928	4.385568472
2478735667998646089	2478843802390248724	10044	MOTORWAY	NONE	57.71505214	11.99466338	5.907993582
2478735667998646089	2478843802390248724	10045	MOTORWAY	NONE	57.71504994	11.99466432	6.714496717
2478843802390248724	2478860969374528283	10046	MOTORWAY	NONE	57.71509211	11.99464408	4.945986047
2478843802390248724	2478860969374528283	10047	MOTORWAY	NONE	57.71509211	11.99464408	4.945986047
2478843802390248724	2478860969374528283	10048	MOTORWAY	NONE	57.71509211	11.99464408	4.945986047
2478843802390248724	2478860969374528283	10049	MOTORWAY	NONE	57.71509211	11.99464408	4.945986047
2478843802390248724	2478860969374528283	10050	MOTORWAY	NONE	57.7150871	11.99464714	4.037628567
2478843802390248724	2478860969374528283	10051	MOTORWAY	NONE	57.7150798	11.9946516	1.518273891
2478843802390248724	2478860969374528283	10052	MOTORWAY	NONE	57.71509211	11.99464408	4.945986047
2478843802390248724	2478860969374528283	10053	MOTORWAY	NONE	57.71509099	11.99464477	2.677087155
2478843802390248724	2478860969374528283	10054	MOTORWAY	NONE	57.71509211	11.99464408	4.945986047
2478843802390248724	2478860969374528283	10055	MOTORWAY	NONE	57.71508623	11.99464768	4.736634861
2478843802390248724	2478860969374528283	10056	MOTORWAY	NONE	57.71508234	11.99465005	4.189468554
2478860969374528283	2478879433438929336	10057	MOTORWAY	NONE	57.7159094	11.9939512	17.43150996
2478879433438929336	2478892365585454489	10057	MOTORWAY	NONE	57.71599685	11.99385998	13.40441609
2478879433438929336	2478892365585454489	10058	MOTORWAY	NONE	57.71604123	11.99381368	10.27066976
2478879433438929336	2478892365585454489	10059	MOTORWAY	NONE	57.71609268	11.99376002	9.230930066
2478879433438929336	2478892365585454489	10060	MOTORWAY	NONE	57.71615209	11.99369995	7.593914886
2478892365585454489	2478901329182199492	10061	MOTORWAY	NONE	57.7162105	11.9936409	6.286361262
2478892365585454489	2478901329182199492	10062	MOTORWAY	NONE	57.71626082	11.99359873	6.676332452
2478892365585454489	2478901329182199492	10063	MOTORWAY	NONE	57.71631452	11.99355373	7.164566774
2478892365585454489	2478901329182199492	10064	MOTORWAY	NONE	57.71637202	11.99350554	7.475570555
2478901329182199492	2478903450896043296	10065	MOTORWAY	NONE	57.71642991	11.99345689	7.581826794
2478903450896043296	2478972874747404378	10066	MOTORWAY	NONE	57.71648315	11.99341382	7.622146365
2478903450896043296	2478972874747404378	10067	MOTORWAY	NONE	57.71653295	11.99337896	7.457964991
2478903450896043296	2478972874747404378	10068	MOTORWAY	NONE	57.71657486	11.99334963	7.082571288
2478903450896043296	2478972874747404378	10069	MOTORWAY	NONE	57.7166069	11.9933272	6.787768791
2478903450896043296	2478972874747404378	10070	MOTORWAY	NONE	57.71663895	11.99330679	6.528498005
2478903450896043296	2478972874747404378	10071	MOTORWAY	NONE	57.71666859	11.99328792	6.207628967
2478903450896043296	2478972874747404378	10072	MOTORWAY	NONE	57.7166939	11.9932718	6.156360517
2478903450896043296	2478972874747404378	10073	MOTORWAY	NONE	57.71671528	11.99325819	5.702729397
2478903450896043296	2478972874747404378	10074	MOTORWAY	NONE	57.71673677	11.99324451	5.584225483
2478903450896043296	2478972874747404378	10075	MOTORWAY	NONE	57.71675696	11.99323165	5.284683248
2478903450896043296	2478972874747404378	10076	MOTORWAY	NONE	57.71678058	11.99321661	5.188965411
2478903450896043296	2478972874747404378	10077	MOTORWAY	NONE	57.71681095	11.99319727	5.165545318
2478903450896043296	2478972874747404378	10078	MOTORWAY	NONE	57.71684007	11.99317873	4.958848858
2478903450896043296	2478972874747404378	10079	MOTORWAY	NONE	57.71687504	11.99315646	4.573625846
2478903450896043296	2478972874747404378	10080	MOTORWAY	NONE	57.7168753	11.9931563	4.728288148
2478903450896043296	2478972874747404378	10081	MOTORWAY	NONE	57.71696374	11.99309999	4.384880635
2478903450896043296	2478972874747404378	10082	MOTORWAY	NONE	57.71701121	11.99306976	4.275254138
2478903450896043296	2478972874747404378	10083	MOTORWAY	NONE	57.71706156	11.9930377	4.202052125
2478903450896043296	2478972874747404378	10084	MOTORWAY	NONE	57.71710772	11.99300831	4.162094092
2478903450896043296	2478972874747404378	10085	MOTORWAY	NONE	57.71715078	11.99298089	4.280333012
2478903450896043296	2478972874747404378	10086	MOTORWAY	NONE	57.71719386	11.99295346	4.180970836
2478903450896043296	2478972874747404378	10087	MOTORWAY	NONE	57.71723324	11.99292838	4.120201881
2478903450896043296	2478972874747404378	10088	MOTORWAY	NONE	57.71726917	11.99290551	4.049307151
2478903450896043296	2478972874747404378	10089	MOTORWAY	NONE	57.71730526	11.99288131	3.960913399
2478903450896043296	2478972874747404378	10090	MOTORWAY	NONE	57.7173405	11.99285712	4.052725275
2478903450896043296	2478972874747404378	10091	MOTORWAY	NONE	57.71737212	11.99283542	3.968829131
2478903450896043296	2478972874747404378	10092	MOTORWAY	NONE	57.71740177	11.99281506	4.030830698
2478903450896043296	2478972874747404378	10093	MOTORWAY	NONE	57.71743352	11.99279327	4.116104164
2478903450896043296	2478972874747404378	10094	MOTORWAY	NONE	57.71747083	11.99276765	4.252653293
2478903450896043296	2478972874747404378	10095	MOTORWAY	NONE	57.71751244	11.99273909	4.473694234
2478903450896043296	2478972874747404378	10096	MOTORWAY	NONE	57.71756391	11.99270329	4.645820781
2478903450896043296	2478972874747404378	10097	MOTORWAY	NONE	57.71760902	11.99266616	2.97755859
2478903450896043296	2478972874747404378	10098	MOTORWAY	NONE	57.71765368	11.9926294	4.234925189
2478903450896043296	2478972874747404378	10099	MOTORWAY	NONE	57.71768713	11.99260187	4.129704084
2478903450896043296	2478972874747404378	10100	MOTORWAY	NONE	57.71771959	11.99257515	4.035023926
2478903450896043296	2478972874747404378	10101	MOTORWAY	NONE	57.71775081	11.99254945	3.85900989
2478903450896043296	2478972874747404378	10102	MOTORWAY	NONE	57.71774722	11.99255241	3.915355812
2478903450896043296	2478972874747404378	10103	MOTORWAY	NONE	57.7177473	11.99255234	4.91646016
2478903450896043296	2478972874747404378	10104	MOTORWAY	NONE	57.71774637	11.99255311	4.437431859
2478903450896043296	2478972874747404378	10105	MOTORWAY	NONE	57.71786202	11.99245872	3.383538225
2478903450896043296	2478972874747404378	10106	MOTORWAY	NONE	57.71786384	11.99245724	2.96129405
2478903450896043296	2478972874747404378	10107	MOTORWAY	NONE	57.71788547	11.99243969	1.250314172
2478903450896043296	2478972874747404378	10108	MOTORWAY	NONE	57.71793223	11.99240175	2.554979988
2478903450896043296	2478972874747404378	10109	MOTORWAY	NONE	57.71797227	11.99236926	2.754634914
2478903450896043296	2478972874747404378	10110	MOTORWAY	NONE	57.71800703	11.99234106	3.367192824
2478903450896043296	2478972874747404378	10111	MOTORWAY	NONE	57.71803932	11.99231486	1.245815931
2478903450896043296	2478972874747404378	10112	MOTORWAY	NONE	57.71807396	11.99228675	3.450541575
2478972874747404378	2478979961443441423	10113	MOTORWAY	NONE	57.71811378	11.99225416	3.956132346
2478972874747404378	2478979961443441423	10114	MOTORWAY	NONE	57.71814673	11.9922271	3.623500116
2478972874747404378	2478979961443441423	10115	MOTORWAY	NONE	57.71818107	11.99219891	3.46491272
2478972874747404378	2478979961443441423	10116	MOTORWAY	NONE	57.71821448	11.99217147	3.610739511
2478972874747404378	2478979961443441423	10117	MOTORWAY	NONE	57.71825	11.9921423	3.887233601
2478972874747404378	2478979961443441423	10118	MOTORWAY	NONE	57.71825	11.9921423	6.967715924
2478979961443441423	2479044630765999625	10119	MOTORWAY	NONE	57.7183354	11.99203324	3.247225923
2478979961443441423	2479044630765999625	10120	MOTORWAY	NONE	57.71837801	11.99197882	2.920035327
2478979961443441423	2479044630765999625	10121	MOTORWAY	NONE	57.71842237	11.99192217	2.209632683
2478979961443441423	2479044630765999625	10122	MOTORWAY	NONE	57.71846142	11.99187546	1.888969074
2478979961443441423	2479044630765999625	10123	MOTORWAY	NONE	57.71849711	11.99183796	2.230924141
2478979961443441423	2479044630765999625	10124	MOTORWAY	NONE	57.71852529	11.99180834	2.338475724
2478979961443441423	2479044630765999625	10125	MOTORWAY	NONE	57.71855555	11.99177654	2.244602199
2478979961443441423	2479044630765999625	10126	MOTORWAY	NONE	57.71858677	11.99174373	2.304494008
2478979961443441423	2479044630765999625	10127	MOTORWAY	NONE	57.71861983	11.99170899	1.634674132
2478979961443441423	2479044630765999625	10128	MOTORWAY	NONE	57.71867497	11.99165104	1.888949255
2478979961443441423	2479044630765999625	10129	MOTORWAY	NONE	57.7186993	11.99162547	1.736515393
2478979961443441423	2479044630765999625	10130	MOTORWAY	NONE	57.71872148	11.99160217	1.85210679
2478979961443441423	2479044630765999625	10131	MOTORWAY	NONE	57.71874251	11.99158006	1.708527779
2478979961443441423	2479044630765999625	10132	MOTORWAY	NONE	57.71876342	11.99155809	1.914946011
2478979961443441423	2479044630765999625	10133	MOTORWAY	NONE	57.71878395	11.99153651	2.034990444
2478979961443441423	2479044630765999625	10134	MOTORWAY	NONE	57.71878395	11.99153651	2.034990444
2478979961443441423	2479044630765999625	10135	MOTORWAY	NONE	57.71878395	11.99153651	2.034990444
2478979961443441423	2479044630765999625	10136	MOTORWAY	NONE	57.71878395	11.99153651	2.034990444
2478979961443441423	2479044630765999625	10137	MOTORWAY	NONE	57.71878395	11.99153651	2.034990444
2478979961443441423	2479044630765999625	10138	MOTORWAY	NONE	57.71878418	11.99153627	1.550201431
2478979961443441423	2479044630765999625	10139	MOTORWAY	NONE	57.71878395	11.99153651	2.034990444
2478979961443441423	2479044630765999625	10140	MOTORWAY	NONE	57.71878395	11.99153651	2.034990444
2478979961443441423	2479044630765999625	10141	MOTORWAY	NONE	57.71878395	11.99153651	2.034990444
2478979961443441423	2479044630765999625	10142	MOTORWAY	NONE	57.71878421	11.99153624	1.57535097
2478979961443441423	2479044630765999625	10143	MOTORWAY	NONE	57.71911276	11.99119095	6.3145268
2478979961443441423	2479044630765999625	10144	MOTORWAY	NONE	57.71919152	11.99109497	4.913730905
2478979961443441423	2479044630765999625	10145	MOTORWAY	NONE	57.71924503	11.99102671	5.278617574
2478979961443441423	2479044630765999625	10146	MOTORWAY	NONE	57.7192972	11.99096017	5.047797424
2478979961443441423	2479044630765999625	10147	MOTORWAY	NONE	57.71934978	11.9908931	4.89872279
2478979961443441423	2479044630765999625	10148	MOTORWAY	NONE	57.71940008	11.99082893	4.958656578
2478979961443441423	2479044630765999625	10149	MOTORWAY	NONE	57.71945245	11.99076212	5.428132991
2478979961443441423	2479044630765999625	10150	MOTORWAY	NONE	57.71950682	11.99069277	8.0557553
2478979961443441423	2479044630765999625	10151	MOTORWAY	NONE	57.71956631	11.99061689	6.849820289
2478979961443441423	2479044630765999625	10152	MOTORWAY	NONE	57.71962624	11.99054044	7.824715416
