2477724430833757430	2477858880489966610	10001	MOTORWAY	NONE	57.69015102	11.99977158	1.877007564
2477724430833757430	2477858880489966610	10002	MOTORWAY	NONE	57.69031866	11.99961374	1.957467767
2477724430833757430	2477858880489966610	10003	MOTORWAY	NONE	57.69048558	11.99944837	2.137326045
2477724430833757430	2477858880489966610	10004	MOTORWAY	NONE	57.69065431	11.99928121	2.407074357
2477724430833757430	2477858880489966610	10005	MOTORWAY	NONE	57.69082787	11.99912513	1.944770844
2477724430833757430	2477858880489966610	10006	MOTORWAY	NONE	57.69101684	11.99896576	1.718498759
2477724430833757430	2477858880489966610	10007	MOTORWAY	NONE	57.69119706	11.99882639	1.337223028
2477724430833757430	2477858880489966610	10008	MOTORWAY	NONE	57.69137981	11.99869266	1.338297841
2477724430833757430	2477858880489966610	10009	MOTORWAY	NONE	57.69156383	11.99857799	1.092726494
2477724430833757430	2477858880489966610	10010	MOTORWAY	NONE	57.69174835	11.99847011	1.083072633
2477724430833757430	2477858880489966610	10011	MOTORWAY	NONE	57.6919357	11.99839605	1.148019135
2477724430833757430	2477858880489966610	10012	MOTORWAY	NONE	57.69212387	11.99832166	2.982942039
2477858880489966610	2477881008161473050	10013	MOTORWAY	NONE	57.69231802	11.99822788	0.383421809
2477858880489966610	2477881008161473050	10014	MOTORWAY	NONE	57.69250657	11.99813449	1.063342535
2477881008161473050	2477896963964975868	10015	MOTORWAY	NONE	57.69269431	11.99804164	1.491414239
2477881008161473050	2477896963964975868	10016	MOTORWAY	NONE	57.69288693	11.99794717	1.37469497
2477896963964975868	2478026822301157955	10017	MOTORWAY	NONE	57.69307857	11.99785327	0.670010003
2477896963964975868	2478026822301157955	10018	MOTORWAY	NONE	57.6932666	11.99776138	0.147629429
2477896963964975868	2478026822301157955	10019	MOTORWAY	NONE	57.69345451	11.99766956	0.545257731
2477896963964975868	2478026822301157955	10020	MOTORWAY	NONE	57.69364421	11.9975767	0.905232311
2477896963964975868	2478026822301157955	10021	MOTORWAY	NONE	57.69383257	11.99748261	1.445482367
2477896963964975868	2478026822301157955	10022	MOTORWAY	NONE	57.69401688	11.99739055	2.315054532
2477896963964975868	2478026822301157955	10023	MOTORWAY	NONE	57.69420738	11.99730744	2.251632266
2477896963964975868	2478026822301157955	10024	MOTORWAY	NONE	57.69439608	11.99722778	2.200822387
2477896963964975868	2478026822301157955	10025	MOTORWAY	NONE	57.69458315	11.99715458	2.187948431
2477896963964975868	2478026822301157955	10026	MOTORWAY	NONE	57.69477081	11.99709148	1.400724619
2477896963964975868	2478026822301157955	10027	MOTORWAY	NONE	57.69495878	11.99702826	2.034072832
2477896963964975868	2478026822301157955	10028	MOTORWAY	NONE	57.69513847	11.99696783	1.881153079
2477896963964975868	2478026822301157955	10029	MOTORWAY	NONE	57.69532442	11.9969053	2.552832197
2477896963964975868	2478026822301157955	10030	MOTORWAY	NONE	57.69550748	11.99684374	2.653238537
2477896963964975868	2478026822301157955	10031	MOTORWAY	NONE	57.69568826	11.99677941	3.371756685
2477896963964975868	2478026822301157955	10032	MOTORWAY	NONE	57.69586473	11.99671038	3.346650483
2477896963964975868	2478026822301157955	10033	MOTORWAY	NONE	57.69604231	11.99663423	3.395658606
2478026822301157955	2478027908927883714	10034	MOTORWAY	NONE	57.6960833	11.9966146	15.92071942
2478027908927883714	2478037757287892274	10034	MOTORWAY	NONE	57.6962153	11.99654737	4.643960246
2478037757287892274	2478085908166240946	10035	MOTORWAY	NONE	57.69638541	11.99644904	4.563041841
2478037757287892274	2478085908166240946	10036	MOTORWAY	NONE	57.69655739	11.99633385	4.583715771
2478037757287892274	2478085908166240946	10037	MOTORWAY	NONE	57.69671812	11.9962262	4.578778579
2478037757287892274	2478085908166240946	10038	MOTORWAY	NONE	57.6968888	11.99612001	6.558948927
2478037757287892274	2478085908166240946	10039	MOTORWAY	NONE	57.69705994	11.99601509	6.705074666
2478037757287892274	2478085908166240946	10040	MOTORWAY	NONE	57.6972314	11.99592524	6.360884487
2478037757287892274	2478085908166240946	10041	MOTORWAY	NONE	57.69740046	11.99583675	6.182263853
2478085908166240946	2478105428792599366	10042	MOTORWAY	NONE	57.6975728	11.99575427	5.90251283
2478085908166240946	2478105428792599366	10043	MOTORWAY	NONE	57.69773427	11.99568505	4.338862173
2478105428792599366	2478147124335106735	10044	MOTORWAY	NONE	57.69790973	11.99562231	3.383884141
2478105428792599366	2478147124335106735	10045	MOTORWAY	NONE	57.69809147	11.99556246	2.267414086
2478105428792599366	2478147124335106735	10046	MOTORWAY	NONE	57.69827707	11.99551386	1.166846652
2478105428792599366	2478147124335106735	10047	MOTORWAY	NONE	57.69846444	11.99547627	0.62130834
2478105428792599366	2478147124335106735	10048	MOTORWAY	NONE	57.69865498	11.99544286	0.028383912
2478105428792599366	2478147124335106735	10049	MOTORWAY	NONE	57.69884643	11.99541156	0.305153284
2478147124335106735	2478201408426759156	10050	MOTORWAY	NONE	57.69903635	11.99538532	0.477779121
2478147124335106735	2478201408426759156	10051	MOTORWAY	NONE	57.69922811	11.99535918	0.347007653
2478147124335106735	2478201408426759156	10052	MOTORWAY	NONE	57.6994182	11.99533327	0.20269592
2478147124335106735	2478201408426759156	10053	MOTORWAY	NONE	57.69960693	11.99530754	0.112998427
2478147124335106735	2478201408426759156	10054	MOTORWAY	NONE	57.69978883	11.99528274	0.759951145
2478147124335106735	2478201408426759156	10055	MOTORWAY	NONE	57.69996911	11.99525817	1.182867531
2478201408426759156	2478311582927833120	10056	MOTORWAY	NONE	57.70014918	11.99523362	1.419647096
2478201408426759156	2478311582927833120	10057	MOTORWAY	NONE	57.70033678	11.99520803	1.981779027
2478201408426759156	2478311582927833120	10058	MOTORWAY	NONE	57.7005253	11.99518232	2.889118248
2478201408426759156	2478311582927833120	10059	MOTORWAY	NONE	57.70071251	11.99515678	3.717662346
2478201408426759156	2478311582927833120	10060	MOTORWAY	NONE	57.70090111	11.99513104	3.794017406
2478201408426759156	2478311582927833120	10061	MOTORWAY	NONE	57.70108968	11.9951053	3.734418426
2478201408426759156	2478311582927833120	10062	MOTORWAY	NONE	57.70127611	11.99507986	3.61531057
2478201408426759156	2478311582927833120	10063	MOTORWAY	NONE	57.70146139	11.99505457	3.740769949
2478201408426759156	2478311582927833120	10064	MOTORWAY	NONE	57.70164948	11.9950289	3.479401133
2478201408426759156	2478311582927833120	10065	MOTORWAY	NONE	57.70183899	11.99500304	3.560862698
2478201408426759156	2478311582927833120	10066	MOTORWAY	NONE	57.70202896	11.99497712	3.50566789
2478201408426759156	2478311582927833120	10067	MOTORWAY	NONE	57.70221858	11.99495195	3.690819284
2478201408426759156	2478311582927833120	10068	MOTORWAY	NONE	57.70240392	11.99493616	3.737458022
2478201408426759156	2478311582927833120	10069	MOTORWAY	NONE	57.70258639	11.99493302	4.244244539
2478311582927833120	2478313597267495007	10070	MOTORWAY	NONE	57.702735	11.9949407	5.411647542
2478313597267495007	2478361340123959767	10071	MOTORWAY	NONE	57.70294213	11.99496943	4.142088221
2478313597267495007	2478361340123959767	10072	MOTORWAY	NONE	57.7031155	11.99499898	3.641795414
2478313597267495007	2478361340123959767	10073	MOTORWAY	NONE	57.70329374	11.99504528	3.7199994
2478313597267495007	2478361340123959767	10074	MOTORWAY	NONE	57.70347484	11.99509066	4.40076162
2478313597267495007	2478361340123959767	10075	MOTORWAY	NONE	57.70365698	11.99513595	3.957111977
2478313597267495007	2478361340123959767	10076	MOTORWAY	NONE	57.70384367	11.99518237	3.942318484
2478361340123959767	2478392049140128035	10077	MOTORWAY	NONE	57.70403373	11.99523199	2.380092603
2478361340123959767	2478392049140128035	10078	MOTORWAY	NONE	57.70422395	11.99528169	2.916777139
2478361340123959767	2478392049140128035	10079	MOTORWAY	NONE	57.70440996	11.99533028	2.719309528
2478392049140128035	2478393822961621384	10080	MOTORWAY	NONE	57.70460081	11.99537949	2.168680791
2478393822961621384	2478395953265400322	10081	MOTORWAY	NONE	57.7046525	11.9953922	16.24755331
2478395953265400322	2478469272652115171	10081	MOTORWAY	NONE	57.70479664	11.99542756	1.453132888
2478395953265400322	2478469272652115171	10082	MOTORWAY	NONE	57.70498523	11.99547382	1.229027841
2478395953265400322	2478469272652115171	10083	MOTORWAY	NONE	57.70517146	11.99552135	1.482918762
2478395953265400322	2478469272652115171	10084	MOTORWAY	NONE	57.70535351	11.99556964	1.179845662
2478395953265400322	2478469272652115171	10085	MOTORWAY	NONE	57.70553328	11.99562107	1.169747582
2478395953265400322	2478469272652115171	10086	MOTORWAY	NONE	57.70570819	11.99567542	1.231210052
2478395953265400322	2478469272652115171	10087	MOTORWAY	NONE	57.7058769	11.99572785	0.975626277
2478395953265400322	2478469272652115171	10088	MOTORWAY	NONE	57.70604355	11.99577964	0.982947302
2478395953265400322	2478469272652115171	10089	MOTORWAY	NONE	57.70621236	11.99583136	0.684037334
2478469272652115171	2478486220593066369	10090	MOTORWAY	NONE	57.70637606	11.99588043	0.427468187
2478469272652115171	2478486220593066369	10091	MOTORWAY	NONE	57.70653609	11.99592837	0.403624514
2478469272652115171	2478486220593066369	10092	MOTORWAY	NONE	57.70653609	11.99592837	0.403624514
2478486220593066369	2478502910835979969	10093	MOTORWAY	NONE	57.70687063	11.99603397	0.334485342
2478486220593066369	2478502910835979969	10094	MOTORWAY	NONE	57.70703067	11.99608932	0.956715997
2478502910835979969	2478514666161469960	10095	MOTORWAY	NONE	57.70719386	11.99614375	1.181391637
2478502910835979969	2478514666161469960	10096	MOTORWAY	NONE	57.70735718	11.99619382	1.680428571
2478514666161469960	2478516491522570890	10097	MOTORWAY	NONE	57.707459	11.996225	7.393041721
2478516491522570890	2478585215294279488	10097	MOTORWAY	NONE	57.70752257	11.99624448	1.798103324
2478516491522570890	2478585215294279488	10098	MOTORWAY	NONE	57.70768978	11.99629572	1.68548291
2478516491522570890	2478585215294279488	10099	MOTORWAY	NONE	57.70785708	11.99634698	2.116614771
2478516491522570890	2478585215294279488	10100	MOTORWAY	NONE	57.70802756	11.99640171	1.870767104
2478516491522570890	2478585215294279488	10101	MOTORWAY	NONE	57.70819984	11.9964584	2.537462108
2478516491522570890	2478585215294279488	10102	MOTORWAY	NONE	57.70837316	11.99651542	2.024724145
2478516491522570890	2478585215294279488	10103	MOTORWAY	NONE	57.70854922	11.99657428	1.485882667
2478516491522570890	2478585215294279488	10104	MOTORWAY	NONE	57.70872177	11.99663551	1.967577306
2478516491522570890	2478585215294279488	10105	MOTORWAY	NONE	57.70889283	11.9966962	1.95316326
2478516491522570890	2478585215294279488	10106	MOTORWAY	NONE	57.7090591	11.9967552	1.366865536
2478585215294279488	2478600307809358838	10107	MOTORWAY	NONE	57.70922833	11.99681328	1.543692214
2478585215294279488	2478600307809358838	10108	MOTORWAY	NONE	57.7092285	11.99681334	1.553889242
2478600307809358838	2478633134244404889	10109	MOTORWAY	NONE	57.70956019	11.9969318	1.367528525
2478600307809358838	2478633134244404889	10110	MOTORWAY	NONE	57.70972417	11.99699315	0.835167151
2478600307809358838	2478633134244404889	10111	MOTORWAY	NONE	57.70988802	11.99705445	0.426075456
2478600307809358838	2478633134244404889	10112	MOTORWAY	NONE	57.71005305	11.99711619	0.577843751
2478633134244404889	2478635762764390194	10113	MOTORWAY	NONE	57.71022428	11.99716047	0.789811672
2478635762764390194	2478665226240041352	10114	MOTORWAY	NONE	57.71039147	11.99719898	1.156353766
2478635762764390194	2478665226240041352	10115	MOTORWAY	NONE	57.71055301	11.99722992	0.847810064
2478635762764390194	2478665226240041352	10116	MOTORWAY	NONE	57.71072252	11.99723679	0.336253498
2478635762764390194	2478665226240041352	10117	MOTORWAY	NONE	57.71089226	11.99722597	0.760892916
2478665226240041352	2478667790335516934	10118	MOTORWAY	NONE	57.7109817	11.9972102	9.051618435
2478667790335516934	2478733683723756217	10118	MOTORWAY	NONE	57.71105966	11.99719316	2.364434862
2478667790335516934	2478733683723756217	10119	MOTORWAY	NONE	57.71122355	11.99713924	3.085443526
2478667790335516934	2478733683723756217	10120	MOTORWAY	NONE	57.71137967	11.99706967	1.437933014
2478667790335516934	2478733683723756217	10121	MOTORWAY	NONE	57.71153307	11.99696819	2.780438152
2478667790335516934	2478733683723756217	10122	MOTORWAY	NONE	57.7116767	11.9968521	2.8951574
2478667790335516934	2478733683723756217	10123	MOTORWAY	NONE	57.71182107	11.99670865	3.092859109
2478667790335516934	2478733683723756217	10124	MOTORWAY	NONE	57.71195354	11.99654099	5.262358605
2478667790335516934	2478733683723756217	10125	MOTORWAY	NONE	57.71208	11.9963559	5.086111579
2478667790335516934	2478733683723756217	10126	MOTORWAY	NONE	57.71220119	11.99615	3.809691994
2478667790335516934	2478733683723756217	10127	MOTORWAY	NONE	57.71232394	11.99594145	3.15443109
2478667790335516934	2478733683723756217	10128	MOTORWAY	NONE	57.71244675	11.99573279	2.815783836
2478733683723756217	2478735667998646089	10129	MOTORWAY	NONE	57.7125621	11.9955273	3.339656483
2478735667998646089	2478843802390248724	10129	MOTORWAY	NONE	57.71256608	11.99552082	3.287699417
2478735667998646089	2478843802390248724	10130	MOTORWAY	NONE	57.71270117	11.99530113	1.161030349
2478735667998646089	2478843802390248724	10131	MOTORWAY	NONE	57.71283998	11.99512963	1.688444355
2478735667998646089	2478843802390248724	10132	MOTORWAY	NONE	57.71297688	11.99498851	2.584842216
2478735667998646089	2478843802390248724	10133	MOTORWAY	NONE	57.71313896	11.99485186	3.046952894
